Input Voltage (V),Output Voltage (V),Temperature (C),Capacitance (uF),ESR (Ohms),Hours of Working
8.046308877376582,-3.3700322281707,25.993428306022466,150.0,0.05,1
8.095470832023507,-3.3951711214655838,25.35263325868649,149.85971943887776,0.052304609218436875,2
7.930071621309043,-3.4398240927264356,27.551207825187504,149.71943887775552,0.05460921843687375,3
8.028148461834528,-3.476555255718946,29.92358328170185,149.57915831663325,0.056913827655310625,4
7.967467871543908,-3.41070005676421,27.02347019332585,149.43887775551102,0.0592184368737475,5
7.975643730811766,-3.427339758785025,27.627883056641945,149.29859719438878,0.06152304609218437,6
7.9703803037880565,-3.403657172665948,31.846694504963917,149.15831663326654,0.06382765531062125,7
7.956800461516009,-3.4180610491944585,30.800635943931997,149.0180360721443,0.06613226452905813,8
8.00242608139724,-3.398744809123813,28.887412773582792,148.87775551102203,0.06843687374749499,9
7.958452494179448,-3.4793870110790306,31.4529528546728,148.7374749498998,0.07074148296593186,10
8.013522841288992,-3.388158352830508,29.9611992559691,148.59719438877755,0.07304609218436874,11
7.997488094527543,-3.4455508814888267,30.45344642747464,148.4569138276553,0.07535070140280561,12
7.988052597656679,-3.353070623703406,32.34040240101048,148.31663326653307,0.07765531062124248,13
7.95462181689792,-3.4926958638503702,28.47432137888586,148.17635270541084,0.07995991983967936,14
7.9711614334715835,-3.372841088398852,29.266521406741745,148.03607214428857,0.08226452905811624,15
8.037769561291288,-3.451146544995204,31.97668214296052,147.89579158316633,0.0845691382765531,16
8.025045859381219,-3.4950157899602816,31.428394899225143,147.7555110220441,0.08687374749498998,17
7.951122237760073,-3.4880419870934976,34.40185362786661,147.61523046092185,0.08917835671342686,18
8.004966615271462,-3.48126786641172,32.24184932628114,147.4749498997996,0.09148296593186372,19
8.03756935616859,-3.4454450092931306,31.48193783384468,147.33466933867734,0.0937875751503006,20
7.916529735943931,-3.441914337822674,37.44961454328207,147.1943887775551,0.09609218436873748,21
8.027168009618997,-3.4981439180326004,34.24082106468491,147.05410821643287,0.09839679358717435,22
7.966868812052708,-3.472079453059943,34.963081949385995,146.91382765531063,0.10070140280561123,23
8.028529933429658,-3.365151011127523,32.07523875293808,146.7735470941884,0.1030060120240481,24
7.961837042172874,-3.3872901761643033,33.893353773360516,146.63326653306612,0.10531062124248497,25
7.909755894966774,-3.4532539567968596,35.22179563345279,146.49298597194388,0.10761523046092183,26
7.918622878105841,-3.4745727719833734,32.67617101142168,146.35270541082164,0.10991983967935871,27
8.00240424733307,-3.471874185167093,35.66822474494339,146.2124248496994,0.11222444889779559,28
8.012986125086075,-3.4486026584777076,33.61492771025363,146.07214428857716,0.11452905811623247,29
7.95478416874478,-3.5318209909853713,34.0932985203613,145.9318637274549,0.11683366733466934,30
8.031929622938868,-3.4949529952078406,33.29541109976018,145.79158316633266,0.11913827655310621,31
7.916923996886552,-3.566916177641775,37.98788112604919,145.65130260521042,0.12144288577154308,32
7.996696010067634,-3.464928623428854,34.00404675826758,145.51102204408818,0.12374749498997996,33
7.939449190011877,-3.4539327881852033,31.62755145960703,145.37074148296594,0.12605210420841684,34
7.9674081946098925,-3.5118547138965317,35.06535234258257,145.2304609218437,0.1283567134268537,35
8.00236993356582,-3.410398858228284,30.622500210469596,145.09018036072143,0.13066132264529057,36
7.956979331735802,-3.551789285154125,33.093886385123355,144.9498997995992,0.13296593186372746,37
7.9807722227885085,-3.5651225516257217,28.338374837088466,144.80961923847696,0.13527054108216433,38
8.050314640460723,-3.482084022298454,29.154141112863798,144.66933867735472,0.1375751503006012,39
7.971155406523843,-3.4423545037070675,31.730048024282734,144.52905811623248,0.13987975951903808,40
8.041784605603256,-3.4119158398760043,32.31396417818608,144.3887775551102,0.14218436873747495,41
7.943514657267119,-3.5204592432035673,30.657344560461322,144.24849699398797,0.1444889779559118,42
8.026490208895764,-3.444983793999778,29.539829961549213,144.10821643286573,0.1467935871743487,43
8.072078431032896,-3.5022460647576006,28.606532687282584,143.9679358717435,0.14909819639278557,44
7.8764177749936355,-3.5103548118908283,25.67263305782579,143.82765531062125,0.15140280561122244,45
7.960155237226476,-3.4589432556306767,26.596543452761754,143.68737474949899,0.15370741482965933,46
8.028853606359027,-3.4719129141955616,26.509478479779705,143.54709418837675,0.1560120240480962,47
7.98984773069785,-3.5847514715766673,28.929893067729164,143.4068136272545,0.15831663326653306,48
8.018557293668566,-3.4335076518523824,26.88058351356443,143.26653306613227,0.16062124248496995,49
7.969800740664209,-3.439732907242527,22.04023645887108,143.12625250501003,0.16292585170340682,50
8.004329489373646,-3.5414184156365986,25.585210586087232,142.98597194388776,0.16523046092184368,51
7.992216138230396,-3.4917529095004745,23.537853424590626,142.84569138276552,0.16753507014028057,52
8.058389103082991,-3.4882443824694302,22.327891212799056,142.70541082164328,0.1698396793587174,53
8.01272104216506,-3.5013150091035943,24.284028473993658,142.56513026052104,0.1721442885771543,54
8.01688013310376,-3.5432667606982826,24.509299946899887,142.4248496993988,0.1744488977955912,55
7.979406151693877,-3.5507354770141366,23.70660088807166,142.28456913827657,0.17675350701402803,56
7.9756196887963755,-3.519834817778029,19.574850434933097,142.1442885771543,0.17905811623246493,57
7.978372090609019,-3.461323468876711,20.05895143630773,142.00400801603206,0.18136272545090182,58
8.019722607118915,-3.49418271772118,20.781121599153174,141.86372745490982,0.18366733466933866,59
7.978950775958987,-3.5412962476664296,21.530245480369153,141.72344689378758,0.18597194388777555,60
8.01448874284482,-3.4855834011409295,18.102846641434233,141.58316633266534,0.18827655310621244,61
8.103770039932272,-3.667998273316073,18.19544880643028,141.44288577154308,0.19058116232464928,62
8.043556235171584,-3.4695356628771865,15.885159314878742,141.30260521042084,0.19288577154308617,63
7.983698823391608,-3.6153624424459188,15.263827482968209,141.1623246492986,0.19519038076152306,64
8.060060696108197,-3.547901606188393,18.868802547106835,141.02204408817636,0.1974949899799599,65
7.979596231348922,-3.5871658594607663,19.574474271570054,140.88176352705412,0.1997995991983968,66
7.898093773241107,-3.597319244126727,16.368463086145866,140.74148296593185,0.20210420841683369,67
7.94959568445413,-3.475946636582978,18.203668934731766,140.6012024048096,0.20440881763527052,68
7.906460403948707,-3.5587758416287207,16.638877328133315,140.46092184368737,0.20671342685370742,69
7.982424325797934,-3.519468393087813,14.380363655302803,140.32064128256513,0.2090180360721443,70
8.000920918959478,-3.5405424217295303,16.185358798798987,140.1803607214429,0.21132264529058115,71
8.083821865613764,-3.5157471570356376,18.368395995032273,140.04008016032066,0.21362725450901804,72
8.016346368688207,-3.537160909455003,15.08889148210881,139.8997995991984,0.21593186372745488,73
7.989044973559557,-3.606554420828667,18.19703915265427,139.75951903807615,0.21823647294589177,74
8.041470279059174,-3.493994274258104,9.774825171284046,139.6192384769539,0.22054108216432866,75
7.8894432345496055,-3.5698982499997487,16.644250919507144,139.47895791583167,0.2228456913827655,76
8.011780727905428,-3.624442321385893,15.20029252737059,139.33867735470943,0.2251503006012024,77
8.038543259694348,-3.569421790112424,14.493456078049272,139.19839679358716,0.22745490981963928,78
7.926070687711008,-3.474380848143635,15.379525994633068,139.05811623246493,0.22975951903807612,79
8.057187702160347,-3.508310556180898,11.364247348222822,138.9178356713427,0.232064128256513,80
8.01692482037472,-3.5696570556181886,15.081701083142033,138.77755511022045,0.2343687374749499,81
7.97923560430496,-3.5710901397249395,16.454488825605775,138.6372745490982,0.23667334669338674,82
8.031639093305314,-3.5711118126811097,18.951961111768235,138.49699398797594,0.23897795591182364,83
8.11353464289022,-3.452595466553421,15.251218433486173,138.3567134268537,0.24128256513026053,84
8.009093312752924,-3.5387388987311077,14.99687864856712,138.21643286573146,0.24358717434869737,85
8.012411029315016,-3.5377363945943543,15.969687731032494,138.07615230460922,0.24589178356713426,86
7.977031955022988,-3.5091271098635377,19.195147174374288,137.93587174348698,0.24819639278557115,87
7.95750778152676,-3.550104630225027,18.443241589521456,137.79559118236472,0.250501002004008,88
8.041516790827213,-3.5763990010786104,17.17620097512417,137.65531062124248,0.2528056112224449,89
7.957195808704556,-3.5746671918530466,19.73904084663178,137.51503006012024,0.2551102204408818,90
8.00357831186097,-3.5698325679807232,19.408359064403104,137.374749498998,0.2574148296593186,91
7.976117127661744,-3.569516422446734,21.676117405795765,137.23446893787576,0.2597194388777555,92
8.02394899128732,-3.532676639050616,18.880191416639825,137.0941883767535,0.2620240480961924,93
8.016683105264347,-3.567863627553322,20.19312885597247,136.95390781563125,0.26432865731462923,94
8.051876997212895,-3.535231723594131,20.644842358893968,136.81362725450902,0.2666332665330661,95
7.974499180057262,-3.577302362071561,19.096783681310658,136.67334669338678,0.268937875751503,96
7.986506253235332,-3.57073757916155,23.22260180059042,136.53306613226454,0.27124248496993986,97
7.951061814210885,-3.675982178515183,23.768408848937632,136.39278557114227,0.27354709418837675,98
7.977785336996194,-3.5316585661646758,23.879411093721046,136.25250501002003,0.27585170340681364,99
8.018865024652243,-3.5615533317161225,24.02737650199942,136.1122244488978,0.2781563126252505,100
8.037849430832267,-3.5303800556292617,22.295170725883736,135.97194388777555,0.28046092184368737,101
7.953891733791119,-3.726496135643151,24.913484094727433,135.8316633266533,0.28276553106212426,102
8.043480296005283,-3.478667437105653,25.69521753950501,135.69138276553107,0.2850701402805611,103
8.067781892940248,-3.5914684593636705,25.39649323168721,135.5511022044088,0.287374749498998,104
8.020671745161184,-3.5304826427302585,27.29094864957405,135.41082164328657,0.28967935871743483,105
8.093839790627904,-3.6392898855346334,29.02373835167404,135.27054108216433,0.2919839679358717,106
7.961310540044821,-3.5580586995364505,32.57738345840814,135.1302605210421,0.2942885771543086,107
7.937767264834429,-3.642770978559484,29.728465429580446,134.98997995991985,0.29659318637274545,108
7.911063987554786,-3.6226914540468145,30.45135628062501,134.84969939879758,0.29889779559118235,109
8.07480221557446,-3.497204243929907,30.324750084453452,134.70941883767534,0.30120240480961924,110
8.032718282817703,-3.603842737272636,27.151797299077103,134.5691382765531,0.3035070140280561,111
7.997220766454477,-3.5848397791867055,31.428277802993126,134.42885771543087,0.30581162324649297,112
8.013998431315992,-3.553610841922476,32.06805045712125,134.28857715430863,0.30811623246492986,113
7.943725547635081,-3.573732939669506,37.31282981230795,134.1482965931864,0.3104208416833667,114
8.122287598980842,-3.59239889442218,32.41111176210558,134.00801603206412,0.3127254509018036,115
8.006461059098761,-3.58307459516727,33.77752649087455,133.86773547094188,0.31503006012024043,116
8.005469739730245,-3.48255467163989,33.45121624513958,133.72745490981964,0.3173346693386773,117
8.036288331194935,-3.6070091963647055,31.495729746805992,133.5871743486974,0.3196392785571142,118
8.024050461586835,-3.5954761097885,36.39617752042595,133.44689378757516,0.32194388777555105,119
8.011194201213957,-3.5544011479350903,35.85574471355852,133.3066132264529,0.32424849699398794,120
7.960476277227734,-3.5530603766987943,36.13823368097053,133.16633266533066,0.32655310621242484,121
8.0235734178568,-3.550387963679897,32.90382092050466,133.02605210420842,0.3288577154308617,122
8.094101224823751,-3.5792057734676788,37.656085957864015,132.88577154308618,0.33116232464929857,123
8.067271002307749,-3.6696953358168845,32.13566538570207,132.74549098196394,0.33346693386773546,124
8.07965933133197,-3.5322763191765283,36.16256840692304,132.60521042084167,0.3357715430861723,125
7.974439216178441,-3.6726679710537398,39.37967262699433,132.46492985971943,0.3380761523046092,126
7.950519758987071,-3.6016217337520766,32.98797707334737,132.3246492985972,0.3403807615230461,127
7.993710653995017,-3.6558701051262186,33.76724153342437,132.18436873747495,0.3426853707414829,128
8.002786245614434,-3.6227660355661224,34.990700159170736,132.04408817635272,0.3449899799599198,129
8.054709575923548,-3.6045238033325213,33.63720940231705,131.90380761523045,0.3472945891783567,130
7.915376768514259,-3.606296868686404,31.35738338174698,131.7635270541082,0.34959919839679354,131
8.07647751597303,-3.6026714973583758,34.37290680225385,131.62324649298597,0.35190380761523044,132
7.992099605071051,-3.5444847772284303,31.851648438467045,131.48296593186373,0.35420841683366733,133
7.978655946502629,-3.6038964312168864,34.62834847941128,131.3426853707415,0.35651302605210416,134
7.949394781236991,-3.64018378366834,31.51282490597256,131.20240480961922,0.35881763527054106,135
7.917257166406712,-3.5811743991006124,36.08895950762659,131.06212424849699,0.36112224448897795,136
8.041158529198096,-3.5713080386800207,31.02834569021332,130.92184368737475,0.3634268537074148,137
8.00366589835942,-3.6935647594943246,31.526397193029915,130.7815631262525,0.3657314629258517,138
7.935501955012947,-3.6037171708562044,33.34481034524658,130.64128256513027,0.3680360721442886,139
7.935246061396819,-3.599931342844375,28.776684638418182,130.501002004008,0.3703406813627254,140
7.983210765035493,-3.651270960739142,31.189251589879845,130.36072144288576,0.3726452905811623,141
8.08345107626447,-3.5690102505167838,32.821814125634134,130.22044088176352,0.3749498997995992,142
7.9870204324318195,-3.6467011761452137,26.445124880997835,130.08016032064128,0.37725450901803603,143
7.924842852344095,-3.6343223797312323,29.46345678675265,129.93987975951904,0.3795591182364729,144
7.987712846795703,-3.6506575992302253,29.03182967937722,129.7995991983968,0.38186372745490976,145
7.986363821512616,-3.6426278612481813,29.479668752718627,129.65931863727454,0.38416833667334666,146
7.865155667852921,-3.699623373583237,24.83452613902002,129.5190380761523,0.38647294589178355,147
7.997285256674109,-3.7182149689794137,24.05077203847962,129.37875751503006,0.3887775551102204,148
7.988453273489566,-3.567889977299673,27.112123014154495,129.23847695390782,0.3910821643286573,149
8.034810318240671,-3.6913661034880607,26.03453108431667,129.09819639278558,0.39338677354709417,150
8.092447804747268,-3.6999904591561825,25.31212362416638,128.9579158316633,0.395691382765531,151
8.056328251477387,-3.759493152974775,24.875358869815724,128.81763527054107,0.3979959919839679,152
7.986555565472258,-3.6851745402902867,22.196976922554924,128.67735470941884,0.4003006012024048,153
7.944673704562916,-3.720783748187409,23.40181527263003,128.5370741482966,0.40260521042084163,154
8.128667990162493,-3.573931306121438,22.911907490123916,128.39679358717436,0.4049098196392785,155
8.002960921700724,-3.6069440152723473,20.296110695163577,128.25651302605212,0.4072144288577154,156
8.000696464595647,-3.6932451926095875,24.868391046948723,128.11623246492985,0.40951903807615225,157
7.9987937456445,-3.5476186906947085,21.511843627260873,127.97595190380761,0.41182364729458915,158
8.009904238038393,-3.6125550122235666,17.626482927646418,127.83567134268537,0.41412825651302604,159
7.992781979403803,-3.6792876613598,20.786885116139313,127.69539078156313,0.4164328657314629,160
7.971316899655988,-3.7894191835392697,17.010999480584648,127.55511022044088,0.41873747494989977,161
7.97265705293798,-3.5513045747772765,20.045048237348006,127.41482965931864,0.42104208416833666,162
7.9983623364892,-3.736733132356216,20.324457200016425,127.27454909819639,0.4233466933867735,163
7.972828761443312,-3.750927251977103,15.929996227674401,127.13426853707415,0.4256513026052104,164
7.964357710866142,-3.618931598639999,19.091642973763758,126.99398797595191,0.4279559118236473,165
8.005321511384595,-3.54947530553474,17.615028034329693,126.85370741482966,0.4302605210420841,166
7.987251139128957,-3.6036520905373997,18.090695151415314,126.71342685370742,0.432565130260521,167
8.075199649429134,-3.6460730810715303,19.931161296425213,126.57314629258516,0.4348697394789579,168
7.8674515095803494,-3.6459336256021064,15.372915818359335,126.43286573146293,0.43717434869739474,169
8.054575342596124,-3.6344033703575778,14.118537887780013,126.29258517034069,0.43947895791583164,170
8.06230425962488,-3.6405305244184776,13.646442753997444,126.15230460921843,0.44178356713426853,171
7.896330488379593,-3.665820188320569,13.63125027915508,126.0120240480962,0.44408817635270537,172
7.982865620295983,-3.6760725099326668,14.984648789824481,125.87174348697394,0.44639278557114226,173
7.981427956700211,-3.685815027136459,15.73621104951709,125.7314629258517,0.44869739478957915,174
7.929624415264109,-3.7217864057960393,15.561753705523397,125.59118236472946,0.451002004008016,175
7.9611091656204565,-3.6995247358072665,16.656794154225235,125.45090180360721,0.4533066132264529,176
7.944471207726709,-3.7715416282849197,15.0621010856316,125.31062124248497,0.4556112224448898,177
8.087613522171182,-3.6932135745261103,18.016315786698776,125.17034068136272,0.4579158316633266,178
8.046783919657374,-3.7391289541551407,14.692275132412332,125.03006012024048,0.4602204408817635,179
8.063577754749709,-3.7462816702696062,20.81301399712295,124.88977955911824,0.46252505010020034,180
8.036083603202162,-3.6835103024623663,16.81324426078173,124.749498997996,0.46482965931863723,181
7.9435474114391385,-3.6243077013140326,14.07422557494891,124.60921843687375,0.4671342685370741,182
7.973773986686012,-3.6493947909423694,13.909886038693775,124.46893787575151,0.46943887775551096,183
8.024468728061397,-3.7752384570348663,17.315202816635146,124.32865731462925,0.47174348697394786,184
7.938893609555403,-3.7475976392934465,16.236192858680717,124.18837675350701,0.47404809619238475,185
8.03564992150862,-3.652480478676741,18.47693443579398,124.04809619238478,0.4763527054108216,186
7.987983730092093,-3.7500462133642904,18.39272879509938,123.90781563126252,0.4786573146292585,187
7.9812589596225205,-3.7135563067984485,17.72784656918397,123.76753507014028,0.48096192384769537,188
8.035547998410175,-3.6762248499585923,16.635405630493366,123.62725450901803,0.4832665330661322,189
8.022213165574302,-3.753547483264224,15.78122029761262,123.48697394789579,0.4855711422845691,190
7.981951691709046,-3.7012642908249664,18.424329978660587,123.34669338677355,0.487875751503006,191
8.057966490168212,-3.7746371464893973,21.55911933889964,123.2064128256513,0.49018036072144283,192
7.945946833620005,-3.73940705955227,20.823891894153274,123.06613226452906,0.4924849699398797,193
8.030796780347213,-3.6947523862588048,18.471853434074934,122.9258517034068,0.4947895791583166,194
8.029655062898419,-3.791793975253738,21.893314211327535,122.78557114228457,0.49709418837675345,195
7.984522678034301,-3.691523357290357,22.914890745012112,122.64529058116233,0.49939879759519035,196
8.016306651112107,-3.715931789745933,20.985160257977903,122.50501002004007,0.5017034068136272,197
7.937444321180735,-3.688728207689964,23.677848430796505,122.36472945891784,0.5040080160320641,198
8.046201350960345,-3.706559804318811,24.110795832091927,122.22444889779558,0.506312625250501,199
7.990754893177851,-3.650951295134574,22.33640262229105,122.08416833667334,0.5086172344689379,200
7.973863848974048,-3.7142998971120935,25.967379177897953,121.9438877755511,0.5109218436873747,201
8.052450461291844,-3.7434342049119738,27.00183700636432,121.80360721442887,0.5132264529058116,202
7.964782815472862,-3.71725185831532,28.671345987690685,121.66332665330661,0.5155310621242485,203
7.929576935181822,-3.6976046376263367,29.2318588190653,121.52304609218437,0.5178356713426854,204
7.9221685413238045,-3.723729341173094,24.979510106244735,121.38276553106212,0.5201402805611223,205
8.030300497567282,-3.725545565740407,26.458956402189358,121.24248496993988,0.5224448897795592,206
7.935978532375186,-3.764077540302161,29.951221706373293,121.10220440881764,0.524749498997996,207
8.087739709099218,-3.7635258074005935,30.519730705787985,120.96192384769539,0.5270541082164328,208
7.895903529605814,-3.8019138307242533,31.075462206246698,120.82164328657315,0.5293587174348697,209
8.084822818414501,-3.6457075355861437,38.28404622650898,120.6813627254509,0.5316633266533066,210
8.010550873360131,-3.7967823401262777,32.2314762584944,120.54108216432866,0.5339679358717435,211
7.99516434440648,-3.770637243857731,33.84780887409514,120.40080160320642,0.5362725450901803,212
7.972754045659553,-3.773315152857618,33.94560423701819,120.26052104208416,0.5385771543086172,213
8.019956805717603,-3.6940513763431584,33.77342073996079,120.12024048096193,0.5408817635270541,214
7.998118264878758,-3.7549478847162048,32.24353583081814,119.97995991983967,0.543186372745491,215
8.055165094100825,-3.679216102779139,34.76424883560229,119.83967935871743,0.5454909819639279,216
8.005711382433102,-3.776680543236241,32.040221094185505,119.6993987975952,0.5477955911823648,217
8.007515088073093,-3.7304591095240807,33.4177750251908,119.55911823647294,0.5501002004008017,218
7.981819389389307,-3.7875789759094807,33.19099477934356,119.4188376753507,0.5524048096192385,219
7.997152718813947,-3.6399569724690464,34.55947764380783,119.27855711422845,0.5547094188376753,220
8.015390088444603,-3.8079971554204137,39.2218246174922,119.13827655310621,0.5570140280561122,221
7.9144915803671685,-3.7345290045688087,31.016746139123363,118.99799599198397,0.5593186372745491,222
7.932590728894715,-3.7197340016447775,36.24392776433816,118.85771543086173,0.561623246492986,223
8.037163204701136,-3.7321356964300305,31.726992316511083,118.71743486973948,0.5639278557114229,224
8.008543271906397,-3.763492839857713,34.0501418004608,118.57715430861724,0.5662324649298598,225
7.990800833182366,-3.7621222975117212,37.173888235724604,118.43687374749499,0.5685370741482966,226
8.00092169665327,-3.754843494537317,35.086920774854036,118.29659318637275,0.5708416833667335,227
8.017379085268084,-3.765786973828919,32.72578615020253,118.15631262525051,0.5731462925851704,228
7.973012015984532,-3.7116457235189717,33.33442997099782,118.01603206412825,0.5754509018036073,229
7.961084763729884,-3.6507163348903724,35.9693018643032,117.87575150300601,0.5777555110220441,230
8.009792262754884,-3.790519879831554,32.95636326765648,117.73547094188376,0.5800601202404809,231
7.951081361119249,-3.8325382451713383,34.619689839336864,117.59519038076152,0.5823647294589178,232
8.020412637785723,-3.76986500422117,34.01119106224618,117.45490981963928,0.5846693386773547,233
7.914870819788108,-3.637868240532114,32.314776867333755,117.31462925851704,0.5869739478957916,234
8.051457781866283,-3.8084402414245386,37.569648292010825,117.17434869739479,0.5892785571142285,235
8.023629874120653,-3.687703478365071,34.18056529798121,117.03406813627254,0.5915831663326654,236
8.012801486715693,-3.687177083544675,28.46205605449845,116.8937875751503,0.5938877755511022,237
8.049134549197277,-3.800144341945119,32.45509714450939,116.75350701402806,0.5961923847695391,238
8.08327372222313,-3.745418581511678,30.300400610159507,116.61322645290582,0.598496993987976,239
8.050718503250906,-3.6938507099257376,32.84437858957473,116.47294589178357,0.6008016032064128,240
7.907956288433418,-3.795629733742761,29.045681795912255,116.33266533066131,0.6031062124248497,241
7.936021151663215,-3.7882551703097276,29.870150724819858,116.19238476953907,0.6054108216432866,242
7.968759071115216,-3.808563003613264,30.558291897085173,116.05210420841684,0.6077154308617234,243
8.001304552510542,-3.831619600061697,30.710499335515344,115.9118236472946,0.6100200400801603,244
8.025882951023457,-3.814748446391577,25.993301508429393,115.77154308617234,0.6123246492985972,245
7.963712809342327,-3.844884388087612,27.12634935584679,115.63126252505009,0.6146292585170341,246
8.009338338223854,-3.78338600694776,26.235842487582598,115.49098196392785,0.616933867735471,247
7.962230853382334,-3.824991647524876,25.260795240396757,115.35070140280561,0.6192384769539079,248
7.969424109850403,-3.776206495993629,29.473871947744573,115.21042084168337,0.6215430861723447,249
7.929666945157589,-3.86709337950457,26.124700279107778,115.07014028056112,0.6238476953907816,250
7.953838337694455,-3.7741573911948882,22.163495234144055,114.92985971943888,0.6261523046092184,251
7.932415769719183,-3.7504277603363874,25.892760426927182,114.78957915831663,0.6284569138276553,252
7.951206337351134,-3.8931937961566287,27.676858688481083,114.64929859719439,0.6307615230460922,253
8.052682089830393,-3.7762069911469,24.87919741119778,114.50901803607215,0.6330661322645291,254
7.952530055558403,-3.734929175626836,19.16590824056328,114.36873747494991,0.6353707414829659,255
8.131619103241869,-3.8581974817962834,20.637637531726547,114.22845691382766,0.6376753507014028,256
8.024665895044045,-3.7154896171310607,23.55483335119814,114.0881763527054,0.6399799599198397,257
8.009241806184743,-3.779570091615866,19.03634372963819,113.94789579158316,0.6422845691382766,258
7.957082110990939,-3.8371744404833112,20.788015248538812,113.80761523046093,0.6445891783567135,259
8.03501549397045,-3.8061151071894983,20.91854483408103,113.66733466933869,0.6468937875751503,260
7.971218108688111,-3.7768131132917495,17.00662713686156,113.52705410821643,0.6491983967935872,261
8.006100490732267,-3.8023319949584375,18.25697574818013,113.38677354709418,0.651503006012024,262
8.12800422691344,-3.780597270517962,11.435276804891334,113.24649298597194,0.6538076152304609,263
7.995197005013767,-3.8549715554054713,15.438883489517764,113.1062124248497,0.6561122244488978,264
8.057463666314284,-3.8018726401609215,16.5821364438685,112.96593186372746,0.6584168336673347,265
7.964841178743706,-3.8824292118191965,14.222673522710137,112.82565130260521,0.6607214428857715,266
7.998250575475152,-3.8187075956526053,19.646845045317875,112.68537074148296,0.6630260521042084,267
8.088540031781775,-3.859744480269632,13.219669861640178,112.54509018036072,0.6653306613226453,268
7.968651647110612,-3.8527284009371034,14.933138366433116,112.40480961923848,0.6676352705410822,269
8.090622427899847,-3.7555500506583157,15.84438462348143,112.26452905811624,0.6699398797595191,270
8.035387596772773,-3.7641920090003467,18.27244021169838,112.12424849699399,0.672244488977956,271
7.971876661205287,-3.7897034145959236,12.363238308123371,111.98396793587175,0.6745490981963927,272
8.031620386952776,-3.8761787644861343,17.445051798248777,111.84368737474949,0.6768537074148296,273
8.048627722481337,-3.8387863543484677,15.062105385376059,111.70340681362725,0.6791583166332665,274
8.03109049811086,-3.7637138524759908,13.040995656114223,111.56312625250501,0.6814629258517034,275
7.921488764005477,-3.818685697404177,15.930201416486875,111.42284569138278,0.6837675350701403,276
7.963643141208757,-3.71120787169831,15.445695332256552,111.28256513026052,0.6860721442885772,277
7.987624068222424,-3.8089112623388983,13.928158862093282,111.14228456913827,0.688376753507014,278
7.996278328544998,-3.820377504095338,15.388327645673172,111.00200400801603,0.6906813627254509,279
8.031033604877534,-3.8468385887411873,14.636865322131284,110.86172344689379,0.6929859719438878,280
8.008885050046663,-3.8261085259031704,15.831305325467309,110.72144288577155,0.6952905811623247,281
7.933232782064495,-3.8418118685725338,17.162539474040322,110.5811623246493,0.6975951903807616,282
8.019009892550297,-3.8001857485303,19.28062139361989,110.44088176352705,0.6998997995991985,283
8.03052928726419,-3.789158872136223,13.938497479085644,110.3006012024048,0.7022044088176352,284
8.027989522396553,-3.8776962666125714,21.01975635469679,110.16032064128257,0.7045090180360721,285
8.05403903627773,-3.9063612468762856,13.221750080856175,110.02004008016033,0.706813627254509,286
8.041696107727445,-3.933012673464784,17.22579157257965,109.87975951903807,0.7091182364729459,287
8.022959003961422,-3.817205644075215,19.13903370293738,109.73947895791582,0.7114228456913828,288
7.9964917144270675,-3.899176346340758,18.98530614173612,109.59919839679358,0.7137274549098196,289
7.9169519533242,-3.9530553512909106,17.664905723250747,109.45891783567134,0.7160320641282565,290
8.02148091095663,-3.8273846970279606,19.005172254085924,109.3186372745491,0.7183366733466934,291
8.010384384358156,-3.723566456994092,18.96863129704774,109.17835671342685,0.7206412825651303,292
8.013578941859768,-3.8499227840539487,19.32911168214801,109.03807615230461,0.7229458917835672,293
7.9361625712089845,-3.809097505365594,22.77805302208608,108.89779559118236,0.725250501002004,294
7.9459471729795865,-3.8483333817720204,22.37942448991048,108.75751503006012,0.7275551102204408,295
8.052657642666645,-3.8587721379701785,20.879331967319764,108.61723446893788,0.7298597194388777,296
7.998022242307167,-3.809276636772455,24.674945035870994,108.47695390781564,0.7321643286573146,297
8.034075034868632,-3.871146993742499,24.109355540413077,108.33667334669339,0.7344689378757515,298
8.001415918806524,-3.8446664564406934,25.745456284050057,108.19639278557113,0.7367735470941884,299
8.001487806974787,-3.84335398744571,26.007453226645826,108.0561122244489,0.7390781563126253,300
8.0469141902988,-3.8942462060488863,23.71966676020355,107.91583166332666,0.7413827655310621,301
7.974197763589132,-3.8126423715011297,24.885259524406123,107.77555110220442,0.743687374749499,302
8.004806038847049,-3.8723952824239487,28.1241889913411,107.63527054108216,0.7459919839679359,303
7.976886235564748,-3.9028373581750433,28.467865400486765,107.49498997995991,0.7482965931863728,304
7.978275188628384,-3.839627413633103,27.81394082651727,107.35470941883767,0.7506012024048097,305
7.984541393826568,-3.9127791105123975,28.687702406992397,107.21442885771543,0.7529058116232465,306
8.011106688581686,-3.8678494591656114,31.591998800077942,107.0741482965932,0.7552104208416833,307
7.976062568916826,-3.871117272477501,28.421152816435484,106.93386773547094,0.7575150300601202,308
8.062787806278676,-3.817769349964934,31.247873012087386,106.79358717434869,0.7598196392785571,309
7.955269634889024,-3.849732022223738,30.278254812337586,106.65330661322645,0.762124248496994,310
7.990656417791932,-3.876121087416215,30.753722846561214,106.51302605210421,0.7644288577154309,311
7.978013447086291,-3.835384230130166,33.86856063734421,106.37274549098197,0.7667334669338678,312
8.072348894217686,-3.808164973250537,33.777328303478335,106.23246492985972,0.7690380761523046,313
8.009827738825578,-3.851187640995032,34.180765726048975,106.09218436873748,0.7713426853707415,314
8.051592226973431,-3.8799633309316786,35.56202416669886,105.95190380761522,0.7736472945891784,315
7.925721981348151,-3.9474755791525777,33.35888925393309,105.81162324649299,0.7759519038076153,316
8.013352513293462,-3.9365422563000614,35.01364795644115,105.67134268537075,0.7782565130260521,317
8.044481539781172,-3.8999506139752484,33.32779545199708,105.5310621242485,0.780561122244489,318
8.004114199463771,-3.9165677944767014,34.85979201719541,105.39078156312625,0.7828657314629258,319
8.053274018753267,-3.8968435551292324,34.177804326012904,105.250501002004,0.7851703406813627,320
7.974135577494981,-3.886065299346327,34.82131626604173,105.11022044088176,0.7874749498997996,321
8.07046737200928,-3.863815963484568,35.96872525198559,104.96993987975952,0.7897795591182365,322
8.114944906180963,-3.8952283457165815,33.25431100114891,104.82965931863728,0.7920841683366734,323
7.981858071978017,-3.8687811302335398,39.14867724949514,104.68937875751503,0.7943887775551102,324
7.9777248739299615,-3.8912852972955663,32.98553758084741,104.54909819639278,0.7966933867735471,325
8.072669223855884,-3.994685151964988,32.56325066756117,104.40881763527054,0.798997995991984,326
8.078978607286535,-3.944281398949455,37.262314647116334,104.2685370741483,0.8013026052104208,327
7.973856998642336,-3.90592181265582,36.44447317927318,104.12825651302606,0.8036072144288577,328
7.978990659145207,-3.960604977623017,35.98536878501835,103.9879759519038,0.8059118236472946,329
7.985910769556974,-3.871526609592374,35.831219405280066,103.84769539078155,0.8082164328657314,330
7.932777474448286,-3.8263883100862217,34.34949623781118,103.70741482965931,0.8105210420841683,331
7.95406740267579,-3.8433905647297633,32.34179920666326,103.56713426853707,0.8128256513026052,332
7.949792961662396,-3.916403606472362,34.01403378527014,103.42685370741484,0.8151302605210421,333
7.961610121744793,-3.8325979616945762,32.19910174554944,103.28657314629258,0.817434869739479,334
7.998265755630661,-3.9011037012881906,35.16077328637882,103.14629258517034,0.8197394789579159,335
8.011710736626826,-3.926794178315421,32.54099452172061,103.00601202404809,0.8220440881763527,336
8.077525024640703,-3.9420128185477883,30.77764474203716,102.86573146292585,0.8243486973947896,337
7.9500822979630605,-3.92786897530637,31.349962274692402,102.72545090180361,0.8266533066132264,338
8.049216119923829,-3.933557137520248,32.35498387868816,102.58517034068137,0.8289579158316633,339
7.989300557788725,-3.9070302910856345,29.912188073352738,102.44488977955912,0.8312625250501002,340
7.997526814517379,-3.9089252087631383,28.88178130999548,102.30460921843687,0.8335671342685371,341
8.03374097460833,-3.918204412419183,30.478284500932105,102.16432865731463,0.8358717434869739,342
7.943863898921885,-3.8979126105507587,29.92575535678014,102.02404809619239,0.8381763527054108,343
8.019120487309202,-3.8616300109099813,27.849271624598522,101.88376753507015,0.8404809619238477,344
8.008322610410653,-3.875087423488455,27.333109857547033,101.7434869739479,0.8427855711422846,345
8.024622563200408,-3.9982128342942387,28.138337331188715,101.60320641282564,0.8450901803607215,346
8.014458432195392,-4.0530667982280635,24.16652343869732,101.4629258517034,0.8473947895791584,347
8.122765006995545,-3.8800575515322246,23.628046085534976,101.32264529058116,0.8496993987975952,348
7.968113000787434,-3.996520287626182,24.38064910667335,101.18236472945893,0.852004008016032,349
7.973450152249909,-3.9408174284112674,24.761967773101695,101.04208416833667,0.8543086172344689,350
7.968842973678762,-3.9894876152308236,25.181253393345727,100.90180360721442,0.8566132264529058,351
7.972226144041987,-4.022483791418079,26.882472550978413,100.76152304609218,0.8589178356713427,352
7.968130643634674,-3.906714438740061,25.023633981755875,100.62124248496994,0.8612224448897796,353
8.059450826555377,-3.8972326227463907,22.371695379296977,100.4809619238477,0.8635270541082164,354
8.071025212399492,-3.9654187064090816,22.045944575030624,100.34068136272545,0.8658316633266533,355
7.9714626853125266,-4.067548106591214,19.482877179844017,100.20040080160321,0.8681362725450902,356
7.958382221344788,-3.9667110200078146,20.868784658327193,100.06012024048096,0.8704408817635271,357
8.02357077781932,-3.9212114029362857,19.762591372039413,99.91983967935872,0.872745490981964,358
7.972388847785951,-4.016149987256342,20.4379085036069,99.77955911823648,0.8750501002004007,359
8.031646590887776,-3.9344392184398997,17.611206392223764,99.63927855711424,0.8773547094188376,360
8.010146151042566,-3.94577551249873,19.80027975719625,99.49899799599199,0.8796593186372745,361
7.924212794250138,-3.917448250671248,21.347701915497908,99.35871743486973,0.8819639278557114,362
8.077375260066503,-3.9418366128418176,17.61195947764502,99.21843687374749,0.8842685370741483,363
8.089793883654776,-3.997871883917825,18.208571169312087,99.07815631262525,0.8865731462925852,364
7.969360565475781,-3.8907926674017452,18.391197285830707,98.93787575150301,0.888877755511022,365
7.980614922003201,-3.959950526747541,15.84588568178816,98.79759519038076,0.8911823647294589,366
8.014293269536246,-3.9547920806829113,16.767021345479918,98.65731462925851,0.8934869739478958,367
8.016722839499351,-4.001493057272297,16.04892893564434,98.51703406813627,0.8957915831663327,368
8.032927213633641,-3.9783965774894354,15.959571344455869,98.37675350701403,0.8980961923847696,369
8.100510226938317,-4.001875406242426,13.995270188409828,98.23647294589179,0.9004008016032065,370
7.991152638625297,-3.9676853791484756,15.40485963796845,98.09619238476954,0.9027054108216432,371
7.960085137773078,-3.8748554577564103,16.20459915349545,97.95591182364728,0.9050100200400801,372
7.9310340385992735,-4.030438744521318,18.002450222960167,97.81563126252505,0.907314629258517,373
7.963453498002904,-4.043924562879809,16.949491928561663,97.6753507014028,0.9096192384769539,374
7.99834365135631,-3.8910907822225136,19.30760353964874,97.53507014028057,0.9119238476953908,375
8.089727893175889,-3.97651828806601,13.476450654901395,97.39478957915831,0.9142284569138277,376
7.974119435048191,-4.000908546752635,16.805273762154727,97.25450901803607,0.9165330661322645,377
8.011189397581944,-3.916862481061058,15.51618667548489,97.11422845691382,0.9188376753507014,378
7.999178855196362,-4.000541298028928,19.65701003634121,96.97394789579158,0.9211422845691383,379
8.059419663672404,-3.88036284097596,13.827233642405263,96.83366733466934,0.9234468937875752,380
8.126346621293681,-3.9391698386975653,13.96867766745348,96.6933867735471,0.925751503006012,381
7.973456561353984,-3.9988645082830367,14.690682817716052,96.55310621242485,0.928056112224449,382
7.9755280278740885,-3.8680063328236987,11.91912272933533,96.4128256513026,0.9303607214428857,383
8.052208043853454,-4.007560295248363,15.427850172088414,96.27254509018036,0.9326653306613226,384
8.034094574481315,-3.9415725861089532,15.30730287068528,96.13226452905812,0.9349699398797595,385
8.092335366286802,-3.9651155313003166,17.504953881284592,95.99198396793588,0.9372745490981964,386
8.029196409266298,-3.916395901461924,18.297166364216935,95.85170340681363,0.9395791583166333,387
7.982035395460647,-3.9048102117067436,21.80475164119256,95.71142284569137,0.9418837675350701,388
8.029532741534615,-3.9826883697010205,20.419542122480536,95.57114228456913,0.944188376753507,389
8.055435179029145,-4.02336227628284,17.856852959,95.4308617234469,0.9464929859719439,390
8.041024109059869,-3.9640955812297975,17.729528741317488,95.29058116232466,0.9487975951903808,391
8.025363701555365,-4.022382762475582,21.04758284383352,95.1503006012024,0.9511022044088177,392
8.053333734479457,-3.8892304372228677,17.98022378204193,95.01002004008015,0.9534068136272545,393
8.058464779522284,-3.984475838656284,24.857905875721606,94.86973947895791,0.9557114228456913,394
8.069107949551876,-4.0109714883872485,24.143243603397625,94.72945891783567,0.9580160320641282,395
8.032435494379483,-3.98487420113962,21.448128622884536,94.58917835671343,0.9603206412825651,396
7.9916440959841575,-4.062867336520573,19.57268317168781,94.44889779559118,0.962625250501002,397
8.007335684321665,-4.045494529580843,26.327098175772285,94.30861723446894,0.9649298597194389,398
8.060325448325418,-3.9382959378693116,24.016145569236613,94.16833667334669,0.9672344689378758,399
7.9591532164506384,-4.032564152826325,27.34972041396236,94.02805611222445,0.9695390781563126,400
8.018433665443645,-4.053467793623075,22.314593913661554,93.88777555110221,0.9718436873747495,401
7.980333059383632,-3.9756924124738355,24.932065773656326,93.74749498997997,0.9741482965931864,402
8.001437241146741,-3.944642647978273,26.764189094858512,93.60721442885772,0.9764529058116233,403
8.063922593130364,-3.9693829957893922,27.46359994106821,93.46693386773546,0.9787575150300601,404
8.009554953400995,-3.9569310826435773,27.076055479466614,93.32665330661322,0.981062124248497,405
8.002321827407808,-4.045976026973563,29.816641199536715,93.18637274549098,0.9833667334669338,406
7.932007192951004,-4.080629611493405,27.016305992066787,93.04609218436875,0.9856713426853707,407
8.037312678301362,-3.93587520116976,29.43094342556287,92.90581162324649,0.9879759519038076,408
8.032274209057054,-4.028478681320864,30.5017638386938,92.76553106212424,0.9902805611222445,409
8.108162736165273,-4.026289145812733,31.814673702410463,92.625250501002,0.9925851703406814,410
7.9846110882523496,-3.94874059350875,32.7107237757727,92.48496993987976,0.9948897795591183,411
8.010957516383197,-3.988741605742392,29.514994433665997,92.34468937875752,0.9971943887775551,412
8.012469184185537,-3.995161523219567,29.146032288326676,92.20440881763527,0.999498997995992,413
8.078872663988173,-3.911108600189816,35.191010704826894,92.06412825651302,1.0018036072144287,414
7.995235223380653,-4.0529374345650995,33.69142620575762,91.92384769539078,1.0041082164328656,415
8.013951076288517,-3.975772322253253,31.8891610725334,91.78356713426854,1.0064128256513025,416
8.030394825485827,-4.020716478023682,36.81454508101158,91.6432865731463,1.0087174348697394,417
8.009330456157818,-4.011540325936597,34.23517624630052,91.50300601202404,1.0110220440881763,418
7.977678319272473,-3.9499493241703556,36.618330685545374,91.3627254509018,1.0133266533066132,419
8.009704499644915,-4.002383763287723,34.61399210400317,91.22244488977955,1.01563126252505,420
8.053681587492989,-4.002263552760945,38.782110672339364,91.08216432865731,1.017935871743487,421
7.948674235029447,-3.9769557954591592,38.31467724332434,90.94188376753507,1.0202404809619239,422
8.006648483707345,-4.050231604413016,34.410600924060844,90.80160320641284,1.0225450901803605,423
7.964993959253041,-4.0753472569140445,36.916943511014466,90.66132264529058,1.0248496993987974,424
8.059752331446242,-4.0870300388593686,36.2903059884136,90.52104208416833,1.0271543086172343,425
7.923840654760811,-4.134510214238339,37.72294773560117,90.38076152304609,1.0294589178356712,426
7.972053907636421,-3.9347848338837452,33.00240123781353,90.24048096192385,1.0317635270541081,427
8.018860593753226,-4.094158414278068,36.211559359668165,90.10020040080161,1.034068136272545,428
8.078276201461717,-4.051463482782495,36.82452611159884,89.95991983967936,1.036372745490982,429
7.99671248694635,-4.055644272208875,31.01995343937162,89.8196392785571,1.0386773547094188,430
7.97224002366534,-4.027836077935197,31.962879810155396,89.67935871743487,1.0409819639278557,431
8.09405785347203,-4.003822357809908,30.00593036644175,89.53907815631263,1.0432865731462926,432
7.9275993049791875,-4.002988349630109,33.264583192163165,89.39879759519039,1.0455911823647295,433
7.890059702168996,-4.076568701587766,34.92260118228539,89.25851703406813,1.0478957915831664,434
8.022000722502666,-4.057173720959862,36.14271988976365,89.11823647294588,1.0502004008016033,435
7.974897288782369,-4.036091443357349,32.90443865852111,88.97795591182364,1.0525050100200402,436
7.948938359143464,-4.064057802802163,35.60099036001303,88.8376753507014,1.054809619238477,437
8.035417822364968,-3.9726587733032086,29.141967820679415,88.69739478957916,1.0571142284569137,438
8.01219003568856,-4.029880110133519,28.026468361531773,88.55711422845691,1.0594188376753506,439
7.9717960684631635,-4.019087774024163,30.82770948508195,88.41683366733467,1.0617234468937875,440
7.935984780066455,-4.024090405504505,31.188975671754182,88.27655310621242,1.0640280561122244,441
8.043622866414006,-3.999963581674832,29.816015767465775,88.13627254509018,1.0663326653306613,442
8.032510058897934,-4.050989002225135,25.187739611910096,87.99599198396794,1.0686372745490982,443
7.995041206811031,-4.126284483169335,28.56847443959606,87.8557114228457,1.070941883767535,444
8.092331849802383,-4.042861293795133,25.547020349151044,87.71543086172345,1.073246492985972,445
7.946495761683693,-4.09681634168358,28.892044195752103,87.5751503006012,1.0755511022044089,446
7.923723741453763,-4.092082136692698,27.67252059588179,87.43486973947896,1.0778557114228458,447
7.9654045965059375,-4.0377359072786785,24.438505213934334,87.29458917835672,1.0801603206412826,448
7.997720699182225,-4.006542760255973,24.664248179903375,87.15430861723448,1.0824649298597195,449
8.012166972466135,-4.068796140602075,22.944530308924442,87.01402805611222,1.0847695390781562,450
7.987938197107184,-4.055820874420152,24.308325035857095,86.87374749498997,1.087074148296593,451
8.017602769825714,-3.987554583429561,25.716937706574956,86.73346693386773,1.08937875751503,452
7.9374230287904775,-4.062030477298117,21.21289929203757,86.59318637274549,1.0916833667334669,453
8.072188230203663,-3.945386786174748,23.5773370093364,86.45290581162325,1.0939879759519038,454
7.995892441080372,-4.048598265213413,20.903252893703943,86.312625250501,1.0962925851703407,455
8.055864791579406,-4.166314691064003,19.784577296914662,86.17234468937875,1.0985971943887776,456
8.017136267318886,-4.0420122776622085,20.577199201629718,86.03206412825651,1.1009018036072145,457
8.02283766095769,-4.062024245084519,18.158388828835562,85.89178356713427,1.1032064128256514,458
8.02848836401161,-4.017997332235742,18.578093391224257,85.75150300601203,1.1055110220440882,459
8.022385428000867,-4.050228707987604,16.76721319662704,85.61122244488978,1.1078156312625251,460
8.032136137993378,-4.092213380361513,22.593124713288294,85.47094188376754,1.1101202404809618,461
8.066457626506622,-4.147908298588015,18.260013893282803,85.33066132264528,1.1124248496993987,462
8.009826058485073,-4.098547355249071,16.34283389916682,85.19038076152304,1.1147294589178356,463
8.035450187879425,-4.1320250207064575,17.751800626354605,85.0501002004008,1.1170340681362725,464
7.995513215285639,-4.1199279760974505,16.711156390206707,84.90981963927855,1.1193386773547094,465
8.072005860772475,-4.062875688997407,16.137798282557377,84.76953907815631,1.1216432865731463,466
7.9661803848970365,-4.010212189612089,17.485360082568032,84.62925851703407,1.1239478957915832,467
8.09004702164554,-4.075376643949732,17.483974212351168,84.48897795591182,1.12625250501002,468
7.997992102467783,-4.156307179153863,14.655672947747625,84.34869739478958,1.128557114228457,469
7.928461244894097,-4.07568569825232,14.349539194491664,84.20841683366733,1.1308617234468938,470
8.00640522074554,-4.039487062942267,14.77321058574886,84.06813627254509,1.1331663326653307,471
7.965947417126256,-4.131210588101741,10.579952580437581,83.92785571142285,1.1354709418837676,472
8.042032177449435,-4.10882510683064,12.052789167350852,83.7875751503006,1.1377755511022043,473
7.967368801034881,-4.102792644371757,17.755590368622773,83.64729458917836,1.1400801603206412,474
7.977690828339261,-4.144174775373551,18.289984972969506,83.5070140280561,1.142384769539078,475
7.905522963452723,-4.073918643638469,14.519808698476364,83.36673346693387,1.144689378757515,476
7.977384684037546,-4.113782878372272,16.228378800746544,83.22645290581163,1.1469939879759519,477
7.878806033668552,-4.088161654357755,15.794474769076928,83.08617234468937,1.1492985971943888,478
7.920804858825714,-4.154915691054433,21.465387951252495,82.94589178356713,1.1516032064128257,479
8.038020732807215,-4.1338168027917215,17.720832817430185,82.8056112224449,1.1539078156312625,480
8.039290007932541,-4.077227625495385,15.4376195805232,82.66533066132264,1.1562124248496994,481
8.021272878089249,-4.133391156602584,14.031021641475574,82.5250501002004,1.1585170340681363,482
7.951651192843539,-4.0298041120475485,13.013748396808785,82.38476953907815,1.1608216432865732,483
7.997614432192901,-4.137536919501171,16.952870131840445,82.24448897795591,1.16312625250501,484
7.999819873045472,-4.107723679544069,15.386041307988915,82.10420841683367,1.1654308617234468,485
7.942081765540373,-4.073731179849231,14.439135509036849,81.96392785571142,1.1677354709418837,486
8.075169915088358,-4.19268181370076,16.4059723633135,81.82364729458918,1.1700400801603206,487
8.043868114528783,-4.211206773264369,15.980426134892808,81.68336673346694,1.1723446893787575,488
7.988951791308517,-4.200851954005058,21.989377335529987,81.54308617234469,1.1746492985971944,489
8.001344291949726,-4.062842738716417,20.875244872304883,81.40280561122245,1.1769539078156313,490
8.010419140397378,-4.15496765679362,19.6162219498659,81.2625250501002,1.1792585170340681,491
7.897913256578786,-4.000867590826807,23.13352673232736,81.12224448897796,1.181563126252505,492
7.98764113087397,-4.158392740654312,20.888970129669058,80.98196392785572,1.183867735470942,493
7.96590078760011,-4.1223556011728135,19.589162723394338,80.84168336673346,1.1861723446893788,494
7.949918999505254,-4.055880474315494,24.950091183999003,80.70140280561122,1.1884769539078157,495
7.985944985355702,-4.034084133147155,23.586043144596793,80.56112224448897,1.1907815631262524,496
8.089884326342476,-4.032716404334512,21.047984122461283,80.42084168336673,1.1930861723446893,497
8.03204214306335,-4.076776077247898,23.363491894846657,80.28056112224449,1.1953907815631262,498
7.97144105051086,-4.087394068098205,22.61960163220161,80.14028056112224,1.197695390781563,499
8.028629139067808,-4.11037365253994,22.234400538071316,80.0,1.2,500
